4
6 2
Accipitridae 20.18 8.65 23.71 88.88
Passeridae 15.84 6.38 24.7 88.98
Cathartidae 17.72 5.91 20.75 88.57
Accipitridae 19.28 6.39 23.0 88.9
Passeridae 14.6 8.45 25.52 89.33
Cathartidae 18.63 6.04 24.36 88.45
20.93 6.68 24.5 88.52
19.12 5.34 22.53 89.74
6 6
Cathartidae 16.56 6.98 22.23 88.96
Accipitridae 15.27 5.99 24.2 88.84
Passeridae 14.79 8.64 21.71 89.12
Passeridae 18.93 6.92 23.39 89.21
Cathartidae 18.07 7.68 21.12 90.16
Accipitridae 14.8 8.2 21.12 89.06
18.87 5.46 24.64 88.55
15.78 5.81 20.78 88.34
19.28 7.52 23.72 89.88
17.85 8.02 20.31 89.82
19.88 7.42 22.96 90.01
12.74 7.48 26.28 88.59
6 9
Passeridae 13.63 7.81 21.83 89.18
Passeridae 13.63 7.81 21.83 89.18
Accipitridae 18.19 6.3 21.03 88.57
Cathartidae 15.93 5.98 21.53 89.8
Cathartidae 17.67 7.25 20.82 89.68
Accipitridae 14.28 7.93 21.86 89.28
15.28 6.99 25.47 88.46
20.14 7.04 23.11 89.54
12.38 5.63 22.65 89.57
18.12 6.92 21.44 89.75
13.29 6.15 22.81 89.78
12.32 6.29 23.9 89.93
14.25 6.47 24.91 89.97
14.63 6.1 20.61 89.09
15.67 6.21 25.22 89.4
6 3
Passeridae 16.51 7.76 25.52 89.22
Passeridae 16.51 7.76 25.52 89.22
Cathartidae 15.67 5.92 21.28 89.88
Cathartidae 19.07 6.32 21.0 89.89
Accipitridae 18.93 8.64 22.24 88.64
Accipitridae 17.85 7.78 22.73 89.34
18.35 8.45 21.1 89.02
16.03 7.67 24.28 88.96
16.52 5.35 26.36 89.66
